14,38.0541924309
17,249.025681522
17,475.04899713
17,876.151419699
17,1106.8496663
17,1200.47973767
17,1250.00567438
17,1300.49697377
17,1300.49697377
17,1300.49697377
17,1300.49697377
17,1300.49697377
17,1300.49697377
17,1300.49697377
17,1300.49697377
17,1300.49697377
17,1300.49697377
17,1300.49697377
17,1300.49697377
17,1300.49697377
17,1300.49697377
17,1300.49697377
17,1300.49697377
17,1300.49697377
17,1300.49697377
17,1300.49697377
17,1300.49697377
17,1300.49697377
17,1300.49697377
17,1300.49697377
17,1300.49697377
17,1300.49697377
17,1300.49697377
17,1300.49697377
17,1300.49697377
17,1300.49697377
17,1300.49697377
17,1300.49697377
17,1300.49697377
17,1300.49697377
17,1300.49697377
17,1300.49697377
17,1300.49697377
17,1300.49697377
17,1300.49697377
17,1300.49697377
17,1300.49697377
17,1300.49697377
17,1300.49697377
17,1300.49697377
17,1300.49697377
17,1300.49697377
17,1300.49697377
17,1300.49697377
17,1300.49697377
17,1300.49697377
17,1300.49697377
17,1300.49697377
17,1300.49697377
17,1300.49697377
17,1300.49697377
17,1300.49697377
17,1300.49697377
17,1300.49697377
17,1300.49697377
17,1300.49697377
17,1300.49697377
17,1300.49697377
17,1300.49697377
17,1300.49697377
17,1300.49697377
17,1300.49697377
17,1300.49697377
17,1300.49697377
17,1300.49697377
17,1300.49697377
17,1300.49697377
17,1300.49697377
17,1300.49697377
17,1300.49697377
17,1300.49697377
17,1300.49697377
17,1300.49697377
17,1300.49697377
17,1300.49697377
17,1300.49697377
17,1300.49697377
17,1300.49697377
17,1300.49697377
17,1300.49697377
17,1300.49697377
17,1300.49697377
17,1300.49697377
17,1300.49697377
17,1300.49697377
17,1300.49697377
17,1300.49697377
17,1300.49697377
17,1300.49697377
17,1300.49697377
17,1300.49697377
17,1300.49697377
17,1300.49697377
17,1300.49697377
17,1300.49697377
17,1300.49697377
17,1300.49697377
17,1300.49697377
17,1300.49697377
17,1300.49697377
17,1300.49697377
17,1300.49697377
17,1300.49697377
17,1300.49697377
17,1300.49697377
17,1300.49697377
17,1300.49697377
17,1300.49697377
17,1300.49697377
17,1300.49697377
17,1300.49697377
17,1300.49697377
17,1300.49697377
17,1300.49697377
17,1300.49697377
17,1300.49697377
17,1300.49697377
17,1300.49697377
17,1300.49697377
17,1300.49697377
17,1300.49697377
17,1300.49697377
17,1300.49697377
17,1300.49697377
17,1300.49697377
17,1300.49697377
17,1300.49697377
17,1300.49697377
17,1300.49697377
17,1300.49697377
17,1300.49697377
17,1300.49697377
17,1300.49697377
17,1300.49697377
17,1300.49697377
17,1300.49697377
17,1300.49697377
17,1300.49697377
17,1300.49697377
17,1300.49697377
17,1300.49697377
17,1300.49697377
17,1300.49697377
17,1300.49697377
17,1300.49697377
17,1300.49697377
17,1300.49697377
17,1300.49697377
17,1300.49697377
17,1300.49697377
17,1300.49697377
17,1300.49697377
17,1300.49697377
17,1300.49697377
17,1300.49697377
17,1300.49697377
17,1300.49697377
17,1300.49697377
17,1300.49697377
17,1300.49697377
17,1300.49697377
17,1300.49697377
17,1300.49697377
17,1300.49697377
17,1300.49697377
17,1300.49697377
17,1300.49697377
17,1300.49697377
17,1300.49697377
17,1300.49697377
17,1300.49697377
17,1300.49697377
17,1300.49697377
17,1300.49697377
17,1300.49697377
17,1300.49697377
17,1300.49697377
17,1300.49697377
17,1300.49697377
17,1300.49697377
17,1300.49697377
17,1300.49697377
17,1300.49697377
17,1300.49697377
17,1300.49697377
17,1300.49697377
17,1300.49697377
17,1300.49697377
17,1300.49697377
17,1300.49697377
17,11.9863806553
17,333.122146951
17,408.950274336
14,1082.14443041
17,1304.74672373
17,1437.83511307
17,1455.04785435
14,1504.71813279
14,1504.71813279
14,1504.71813279
14,1504.71813279
14,1504.71813279
14,1504.71813279
14,1504.71813279
14,1504.71813279
14,1504.71813279
14,1504.71813279
14,1504.71813279
14,1504.71813279
14,1504.71813279
14,1504.71813279
14,1504.71813279
14,1504.71813279
14,1504.71813279
14,1504.71813279
14,1504.71813279
14,1504.71813279
14,1504.71813279
14,1504.71813279
14,1504.71813279
14,1504.71813279
14,1504.71813279
14,1504.71813279
14,1504.71813279
14,1504.71813279
14,1504.71813279
14,1504.71813279
14,1504.71813279
14,1504.71813279
14,1504.71813279
14,1504.71813279
14,1504.71813279
14,1504.71813279
14,1504.71813279
14,1504.71813279
14,1504.71813279
14,1504.71813279
14,1504.71813279
14,1504.71813279
14,1504.71813279
14,1504.71813279
14,1504.71813279
14,1504.71813279
14,1504.71813279
14,1504.71813279
14,1504.71813279
14,1504.71813279
14,1504.71813279
14,1504.71813279
14,1504.71813279
14,1504.71813279
14,1504.71813279
14,1504.71813279
14,1504.71813279
14,1504.71813279
14,1504.71813279
14,1504.71813279
14,1504.71813279
14,1504.71813279
14,1504.71813279
14,1504.71813279
14,1504.71813279
14,1504.71813279
14,1504.71813279
14,1504.71813279
14,1504.71813279
14,1504.71813279
14,1504.71813279
14,1504.71813279
14,1504.71813279
14,1504.71813279
14,1504.71813279
14,1504.71813279
14,1504.71813279
14,1504.71813279
14,1504.71813279
14,1504.71813279
14,1504.71813279
14,1504.71813279
14,1504.71813279
14,1504.71813279
14,1504.71813279
14,1504.71813279
14,1504.71813279
14,1504.71813279
14,1504.71813279
14,1504.71813279
14,1504.71813279
14,1504.71813279
14,1504.71813279
14,1504.71813279
14,1504.71813279
14,1504.71813279
14,1504.71813279
14,1504.71813279
14,1504.71813279
14,1504.71813279
14,1504.71813279
14,1504.71813279
14,1504.71813279
14,1504.71813279
14,1504.71813279
14,1504.71813279
14,1504.71813279
14,1504.71813279
14,1504.71813279
14,1504.71813279
14,1504.71813279
14,1504.71813279
14,1504.71813279
14,1504.71813279
14,1504.71813279
14,1504.71813279
14,1504.71813279
14,1504.71813279
14,1504.71813279
14,1504.71813279
14,1504.71813279
14,1504.71813279
14,1504.71813279
14,1504.71813279
14,1504.71813279
14,1504.71813279
14,1504.71813279
14,1504.71813279
14,1504.71813279
14,1504.71813279
14,1504.71813279
14,1504.71813279
14,1504.71813279
14,1504.71813279
14,1504.71813279
14,1504.71813279
14,1504.71813279
14,1504.71813279
14,1504.71813279
14,1504.71813279
14,1504.71813279
14,1504.71813279
14,1504.71813279
14,1504.71813279
14,1504.71813279
14,1504.71813279
14,1504.71813279
14,1504.71813279
14,1504.71813279
14,1504.71813279
14,1504.71813279
14,1504.71813279
14,1504.71813279
14,1504.71813279
14,1504.71813279
14,1504.71813279
14,1504.71813279
14,1504.71813279
14,1504.71813279
14,1504.71813279
14,1504.71813279
14,1504.71813279
14,1504.71813279
14,1504.71813279
14,1504.71813279
14,1504.71813279
14,1504.71813279
14,1504.71813279
14,1504.71813279
14,1504.71813279
14,1504.71813279
14,1504.71813279
14,1504.71813279
14,1504.71813279
14,1504.71813279
14,1504.71813279
14,1504.71813279
14,1504.71813279
14,1504.71813279
14,1504.71813279
14,1504.71813279
14,1504.71813279
14,1504.71813279
14,1504.71813279
14,1504.71813279
14,1504.71813279
14,1504.71813279
14,1504.71813279
14,1504.71813279
14,1504.71813279
14,1504.71813279
14,1504.71813279
14,1504.71813279
