20,19.9572165093
20,63.8145503293
21,503.217542946
21,573.757086134
21,838.33478731
21,844.640515368
21,942.248702994
21,967.416801146
21,967.416801146
21,967.416801146
21,967.416801146
21,967.416801146
21,967.416801146
21,967.416801146
21,967.416801146
21,967.416801146
21,967.416801146
21,967.416801146
21,967.416801146
21,967.416801146
21,967.416801146
21,967.416801146
21,967.416801146
21,967.416801146
21,967.416801146
21,967.416801146
21,967.416801146
21,967.416801146
21,967.416801146
21,967.416801146
21,967.416801146
21,967.416801146
21,967.416801146
21,967.416801146
21,967.416801146
21,967.416801146
21,967.416801146
21,967.416801146
21,967.416801146
21,967.416801146
21,967.416801146
21,967.416801146
21,967.416801146
21,967.416801146
21,967.416801146
21,967.416801146
21,967.416801146
21,967.416801146
21,967.416801146
21,967.416801146
21,967.416801146
21,967.416801146
21,967.416801146
21,967.416801146
21,967.416801146
21,967.416801146
21,967.416801146
21,967.416801146
21,967.416801146
21,967.416801146
21,967.416801146
21,967.416801146
21,967.416801146
21,967.416801146
21,967.416801146
21,967.416801146
21,967.416801146
21,967.416801146
21,967.416801146
21,967.416801146
21,967.416801146
21,967.416801146
21,967.416801146
21,967.416801146
21,967.416801146
21,967.416801146
21,967.416801146
21,967.416801146
21,967.416801146
21,967.416801146
21,967.416801146
21,967.416801146
21,967.416801146
21,967.416801146
21,967.416801146
21,967.416801146
21,967.416801146
21,967.416801146
21,967.416801146
21,967.416801146
21,967.416801146
21,967.416801146
21,967.416801146
21,967.416801146
21,967.416801146
21,967.416801146
21,967.416801146
21,967.416801146
21,967.416801146
21,967.416801146
21,967.416801146
21,967.416801146
21,967.416801146
21,967.416801146
21,967.416801146
21,967.416801146
21,967.416801146
21,967.416801146
21,967.416801146
21,967.416801146
21,967.416801146
21,967.416801146
21,967.416801146
21,967.416801146
21,967.416801146
21,967.416801146
21,967.416801146
21,967.416801146
21,967.416801146
21,967.416801146
21,967.416801146
21,967.416801146
21,967.416801146
21,967.416801146
21,967.416801146
21,967.416801146
21,967.416801146
21,967.416801146
21,967.416801146
21,967.416801146
21,967.416801146
21,967.416801146
21,967.416801146
21,967.416801146
21,967.416801146
21,967.416801146
21,967.416801146
21,967.416801146
21,967.416801146
21,967.416801146
21,967.416801146
21,967.416801146
21,967.416801146
21,967.416801146
21,967.416801146
21,967.416801146
21,967.416801146
21,967.416801146
21,967.416801146
21,967.416801146
21,967.416801146
21,967.416801146
21,967.416801146
21,967.416801146
21,967.416801146
21,967.416801146
21,967.416801146
21,967.416801146
21,967.416801146
21,967.416801146
21,967.416801146
21,967.416801146
21,967.416801146
21,967.416801146
21,967.416801146
21,967.416801146
21,967.416801146
21,967.416801146
21,967.416801146
21,967.416801146
21,967.416801146
21,967.416801146
21,967.416801146
21,967.416801146
21,967.416801146
21,967.416801146
21,967.416801146
21,967.416801146
21,967.416801146
21,967.416801146
21,967.416801146
21,967.416801146
21,967.416801146
21,967.416801146
21,967.416801146
21,967.416801146
21,967.416801146
21,967.416801146
21,967.416801146
21,967.416801146
21,967.416801146
21,967.416801146
21,967.416801146
21,967.416801146
21,967.416801146
21,967.416801146
21,967.416801146
21,967.416801146
21,967.416801146
21,967.416801146
